16384 4 10
16384 4 20
16384 3 30
16384 3 40
16384 2 50
16384 2 60
16384 2 70
16384 1 80
16384 1 90
16384 1 100
131072 40 100
131072 35 200
131072 31 300
131072 27 400
131072 23 500
131072 19 600
131072 15 700
131072 12 800
131072 9 900
131072 6 1000
131072 3 1100
1572864 537 100
1572864 443 600
1572864 373 1100
1572864 319 1600
1572864 275 2100
1572864 240 2600
1572864 211 3100
1572864 186 3600
1572864 165 4100
1572864 147 4600
1572864 131 5100
1572864 117 5600
1572864 105 6100
1572864 94 6600
1572864 84 7100
1572864 74 7600
1572864 66 8100
1572864 59 8600
1572864 52 9100
1572864 46 9600
1572864 40 10100
1572864 34 10600
1572864 29 11100
1572864 25 11600
1572864 20 12100
1572864 16 12600
1572864 13 13100
1572864 9 13600
1572864 6 14100
1572864 2 14600
