16384 4 10
16384 3 20
16384 3 30
16384 2 40
16384 2 50
16384 1 60
16384 1 70
131072 38 100
131072 31 200
131072 25 300
131072 20 400
131072 15 500
131072 11 600
131072 7 700
131072 3 800
1572864 518 100
1572864 371 600
1572864 283 1100
1572864 224 1600
1572864 182 2100
1572864 150 2600
1572864 126 3100
1572864 106 3600
1572864 90 4100
1572864 77 4600
1572864 65 5100
1572864 56 5600
1572864 47 6100
1572864 40 6600
1572864 33 7100
1572864 28 7600
1572864 22 8100
1572864 18 8600
1572864 14 9100
1572864 10 9600
1572864 6 10100
1572864 3 10600
